voltage vs time for 6 kHz
559     496     572     635     569     489     552     639     594     505
541     629     611     511     524     630     630     533     518     613
641     545     508     603     650     560     495     583     648     581
507     557     644     597     504     545     633     606     508     521
620     618     516     506     612     544     485     557     617     549
472     538     628     585     498     533     627     603     503     514
618     618     511     499     602     619     526     490     587     637
553     495     578     640     565     484     544     626     576     486
526     629     599     498     511     611     607     509     501     608
632     533     505     595     649     574     517     588     660     590
510     570     653     605     512     552     641     620     518     542
648     648     545     532     626     647     547     514     600     648
563     510     589     651     593     521     577     664     618     525
557     646     627     536     550     647     639     541     528     616
644     539     500     599     641     554     492     569     633     555
477     536     623     573     485     519     606     586     491     507
621     612     514     507     612     642     544     503     601     647
560     498     576     632     561     483     543     635     598     528
622     611     514     505     606     620     524     489     560     650
610     521     557     644     616     517     536     629     632     528
514     610     629     539     507     601     649     568     514     593
664     594     517     576

