voltage vs time for 600 Hz
546     553     578     590     603     628     637     645     661     665
665    685     674     671     679     670     676     658     640     623
613     593    582     571     555     543     536     523     522     514
506     499     496    491     487     493     500     502     518     527
542     553     563     572    596     617     637     661     680     692
698     707     708     708     710    710     700     690     686     675
669     650     636     624     612     606    595     580     566     551
538     530     524     521     513     510     513    523     529     530
538     548     553     567     581     597     610     627    637     651
667     671     682     691     687     693     697     693     693    685
671     663     646     631     616     605     588     570     559     538
527     519     511     503     509     498     498     502     505     516
518    514     518     523     528     537     547     562     624     633
627     635    645     635     628     626     545     491     472     481
487     479     478    478     473     479     481     482     491     496
503     523     527     533    552     559     570     585     591     603
626     635     648     658     654    657     662     656     653     647
640     639     633     621     608     594    572     561     552     535
521     509     499     490     481     481     482    482     474     476
470     471     493     508     530     542     549     564    583     590
605     617     634     651     661     665     675     680     681    676
666     651     643     632

