voltage vs time for 1.5 kHz
621     629     621     606     588     560     514     488     470     463
477    498     525     550     577     599     622     637     636     633
614     579    555     524     493     484     470     465     493     520
543     574     591    605     617     610     601     588     552     526
506     478     468     474    477     501     541     557     584     612
609     628     631     612     592    565     532     513     501     490
507     527     545     576     602     629    653     663     669     659
633     607     576     542     522     509     501    505     521     542
567     602     624     644     662     661     658     642    611     585
565     538     525     518     520     533     553     583     610    629
643     650     648     632     610     577     547     521     502     488
498     520     538     559     587     618     639     646     648     642
621    593     563     525     503     490     475     490     516     543
565     591    610     624     640     640     626     638     641     626
604     577     546    518     632     654     657     662     649     623
596     570     543     525    509     506     521     535     553     584
611     629     641     642     635    618     591     559     537     514
494     491     485     499     532     545    572     604     617     622
627     608     587     572     537     513     503    478     476     485
491     517     552     568     596     616     607     597    586     569
552     528     492     480     467     463     480     502     531    554
579     609     628     631

